-0.008334 -0.056919 0.063565 -0.057712 0.079014 -0.163839
-0.035451 -0.123473 -0.019693 -0.054288 0.001903 -0.114238
-0.064919 0.092453 -0.035536 0.141840 -0.040021 -0.071018
0.006004 0.173915 0.020279 0.145762 -0.014343 -0.053377
0.083755 -0.089080 0.068126 -0.167659 0.052880 0.229460
0.066567 -0.126304 0.028822 -0.000999 -0.047918 -0.044764
-0.020022 -0.040226 -0.159820 0.040810 -0.134735 -0.108974
-0.057278 0.032031 -0.224789 0.046476 -0.037007 -0.206024
-0.200780 0.176645 -0.268167 -0.122167 0.049913 -0.078866
-0.079764 -0.097380 -0.064646 -0.289785 0.103098 0.096300
0.089136 -0.044052 -0.171187 -0.157338 0.079503 0.034534
-0.004987 -0.003594 -0.383762 -0.324926 -0.129172 -0.008155
-0.039769 -0.019328 -0.424723 -0.288459 0.131349 -0.133111
-0.214424 0.158860 -0.296209 -0.329824 0.051646 -0.034435
-0.213380 0.225367 0.206321 -0.529731 0.067715 0.124515
0.109832 -0.005188 -0.355659 -0.239215 0.088549 -0.048965
0.199646 -0.030985 -0.468979 -0.316068 -0.030567 0.054085
0.207887 -0.144811 -0.320793 -0.326064 -0.127713 -0.101969
0.113710 -0.064962 -0.086302 -0.302376 -0.138307 -0.210857
-0.079892 0.296876 0.266345 -0.435049 0.018846 -0.135205
-0.029777 -0.085046 -0.129813 -0.086720 0.086220 -0.127580
0.002600 -0.121117 -0.042097 -0.178334 0.092206 0.032344
0.085280 -0.075209 0.078982 -0.207109 0.111410 0.069165
0.113788 -0.043653 0.056414 -0.189674 -0.043804 -0.045409
0.071982 0.180371 0.250674 -0.104959 -0.064446 -0.052114
